# This file contains only completely reco events so far (to be updated)
# run   evtid    area50_llh           area50_fit        area90_llh         area90_fit
126989 59479399 1.5524386544924504 1.517135120848909 5.127198371780226 5.048153217402217
118973 22324184 0.6270223755083645 0.6063971104081133 2.059021316950164 2.032458725857359
118539 54350726 0.37436198158124523 0.4054838423469504 1.347817394538047 1.4680637607376121
132077 9759013 0.07000684649564998 0.08161550502075597 0.2607643302703821 0.27022039468286146
122361 46565711 1.8674768906399009 1.93608431677936 6.435494414573536 6.439708665197449
126878 30560694 0.18476021706466392 0.1984463499500856 0.6426574144361021 0.6096572018536174
119739 41603205 0.09790834616967627 0.09391142302439065 0.3224142830661542 0.3107488819482047
132229 66688965 0.3412260046838954 0.3046571681301778 0.9951426732096019 0.9270447601376625
129232 51118868 0.8779899117122012 0.9418905035765653 3.1442908733911636 3.4966521543781517
128606 54200591 2.7129631901309117 2.7967108173569444 9.095806052273472 8.906776621076254
120680 12284754 0.880628089455761 0.8887071887156635 3.0029663980555554 3.0949762503383487
129267 34234803 0.477853804094421 0.5185613024111908 1.710627447633327 1.7527348060114512
122152 30701331 0.6414771094589277 0.6340462755223167 2.1001414219523205 2.118297098161447
127742 55820225 0.18455558262472535 0.20320104385406687 0.6731559937972131 0.7114185308866686
122318 21601607 0.17727515275081726 0.18037146476016902 0.6002759670112155 0.592936192523139
125011 43302321 0.15114689047104904 0.1469449733389885 0.5075349012529771 0.5247092667022883
120798 20915945 0.10862149993189373 0.1099925957045471 0.38833126407937335 0.4097685782944751
119136 66932419 1.5284172506807472 1.4949020190742832 4.969564679638334 4.811740741727021
125800 83097666 0.9834720289397023 1.0068493909928702 3.339977985581909 3.2955214673755684
118738 995844 0.12388509225176722 0.1249188496340735 0.4338223888671307 0.42924043601890693
125001 73159253 0.7319530871032425 0.8550766034009083 2.849758128381653 2.998724889461673
139100 34742349 7.340804844069359 7.544178602592176 25.29076201240873 25.762049360989515
122818 16944987 0.3518426810645023 0.3893650925584384 1.2135664504708523 1.2865802219527678
128755 32356079 1.1708843464187537 1.1812730710865005 3.9331757096678017 4.090778338945531
132508 42419327 0.4954051284416915 0.4824191601286678 1.609957881025893 1.5846136241852706
119146 28561103 6.312736830619278 6.124369493379921 20.481345347072093 19.66154340375226
138821 46175426 0.027059493846109183 0.024379256044329153 0.09978054914334356 0.09908138743538353
128906 80127519 0.26235437677250467 0.28092922078434973 0.8992646978529898 0.9428726924873808
123240 49730417 0.0844111276914838 0.0832603679545169 0.29502277598892074 0.32375332837209486
120260 65493286 0.07697205527096852 0.0768163467036834 0.2631962523138483 0.2603398891433808
121769 40349510 0.362987796129932 0.3661580521761965 1.1868877792604793 1.1666259024519388
125544 54236696 0.1947286303840601 0.20065604533316486 0.6731686391248498 0.6934807329819641
129701 49353375 0.5993851362113713 0.6123919680705343 2.045375366952458 2.035638407403862
130126 56068624 0.3173110615895259 0.42218053423485735 1.2912893747117764 1.5047285077008083
122605 60656774 0.27273340890832853 0.27350851431533746 0.9121858093956714 0.9557629769964777
126456 35956042 0.2238116297757268 0.23213997734427563 0.7740202409173786 0.804182823351131
129506 49650572 0.8179157986975154 0.8944591648563909 2.93194392086471 3.068617579996265
126308 20883844 0.19250295517954047 0.1945340616460895 0.6367723023105669 0.6409533697156251
131475 34507973 0.3086727964289238 0.37028192752829403 1.1783217858078567 1.2996423720614263
128567 21044380 1.2846351863431893 1.4287452651314538 4.6989236802780034 4.830047274343602
122772 38615684 0.19361587600570856 0.20217035152317378 0.6590001685246566 0.8045945932885221
131913 38717715 2.6292146444806037 2.718151447796874 8.898980714935322 8.514534173081934
128672 38561326 0.5779818540442306 0.6385513053055281 2.1271884333472664 2.3477235986394636
129420 59928529 1.176401950535044 1.2971428406074115 4.067841617928897 4.22166908851214
128311 26552458 0.19933472364424357 0.17772315700625618 0.5984133031806075 0.5461961965959355
130033 50579430 0.2208432791127302 0.24163767418441312 0.7850651928102168 0.8308118888398461
121840 62872761 0.2029167049382949 0.20084781947758168 0.667390016547275 0.6428066998033749
132518 766165 0.2726423575362512 0.39490423455209533 1.1988688300285804 1.6949163738281725
134777 8912764 0.3104121153648627 0.3618851893390072 1.189894649799641 1.2212634404628397
133119 22683750 2.577338711411912 2.439715519917965 8.25319533751951 7.9477418482464515
120535 24248640 0.18281777226643559 0.17438194936870585 0.5928719412648531 0.5800438841051542
127154 9907321 0.1447202953751907 0.14784066571953813 0.4690363134689143 0.46217418351034767
123145 34573112 0.24726065603311703 0.25060219230239283 0.8216254610687459 0.8089845449444001
118475 52691508 1.288646334489932 1.2880768102868585 4.286352611792525 4.075082345059154
123334 75182550 0.32771421606422657 0.3404185013933469 1.1246543762729468 1.1428919912685074
130639 37366501 0.2734942056131777 0.2654304303139392 0.8748543426892099 0.8834452101287923
123107 8144529 0.1300341334770742 0.13288212661936072 0.4446661738658395 0.4740310630779462
127112 69211097 0.7177688478235161 0.751138545462934 2.528503004435311 2.631099068587145
118178 17334444 2.080348591067364 2.1571693913957106 7.151978845849506 7.503861624317812
120157 59255331 1.5240619766248789 1.4785207387210038 5.0242765620146494 4.852487432305033
133394 27261780 0.3674334639010528 0.3956772196452333 1.3787193758419132 1.4393543807862084
124136 15174527 0.7751706764114276 0.7911699758005145 2.627770557106884 2.635317205747939
130932 35022693 0.4504462442263182 0.48557520815195904 1.6021453856349874 1.7296809740273873
123228 40504010 0.40701420847242786 0.37676170065866615 1.2728875055364293 1.245598780088639
119125 14422170 0.7516413531324008 0.7560948854241013 2.5095128337846417 2.5224599183614393
124547 66087371 10.957961419861322 11.173949281814277 121.6446993211762 133.75162575949238
131653 53411354 0.4329154007625467 0.4866033591814916 1.5832403338282115 1.703853167795594
132043 80110393 0.3438413406743274 0.3526928373878408 1.1195771776553545 1.1201443874928654
127357 17650073 0.5472005063632317 0.6031976293213839 1.9146031743766003 1.8843619555280475
134751 31476488 0.6322466223087106 0.6470043580256872 2.1784486109162033 2.2303171826369605
130801 16289732 0.4130827407989521 0.41531934878725263 1.3571664348320815 1.3773586302748617
122154 6905361 0.8789613739537698 0.877586116830799 2.963756891126863 2.958780530250192
126718 53509959 0.20378980452212012 0.23012916105324804 0.7338432696102865 0.7854473902784835
139279 10803235 0.623480840290495 0.6303937947094611 2.1309621310269335 2.1678018197516016
130588 44934051 0.4915049281840795 0.5054942447507176 1.7218653859119117 1.7752948656644343
122604 17469985 0.6175376318092167 0.5986426901913243 2.0393401249741605 2.0413644696347584
131519 27561842 0.2445092639424602 0.25852431822867966 0.8535732675589407 0.9036987392374062
126515 20091930 0.785824167082629 0.7131779017611491 2.380243241412512 2.258917101298727
137711 79205800 0.18462593247632111 0.21168456236822808 0.673172440233211 0.7142359863170126
120205 73761892 0.1395596754166484 0.12961234538561447 0.431997029536838 0.43397451117031105
118342 24578488 0.05527974176959096 0.05266073980634315 0.18337518643171455 0.186773909077891
122160 52726834 0.7023068832988344 0.8196136159811543 2.613986411953867 2.8016744931652253
128340 58537957 0.7779230233650491 0.7846716331208053 2.6050499446085755 2.545459078891531
129144 66284903 0.6303440820370394 0.6940055091638879 2.3393907430401732 2.554730713543529
129153 11436007 0.6875365735070452 0.6568513618034757 2.28356833102431 2.2999900937992965
134817 29175858 0.461547914119285 0.4703646398816658 1.6397021799488325 1.7248127181563715
125349 12316485 1.1590968790565253 1.292021072491101 4.178518917263894 4.221398341242169
130214 17569642 0.06977351301596717 0.07587076962901773 0.23913606136645849 0.23791183526566506
126620 19175993 0.6239913240663846 0.5988734055894657 2.021433827673126 2.0015563629390383
134191 17593623 0.292793099840359 0.30517897973709335 0.9975870994225395 1.0119603804108823
139303 27647445 0.9335962916066037 0.9607446338093598 3.2068819362249315 3.3196768400806413
134013 16038252 0.7092063376507884 0.7647479489594852 2.5680381467731537 2.5891487386015672
126456 1581608 0.20582263077874766 0.377295871396416 1.1245193736336965 1.2927944354332168
126514 73786337 0.19921524849675515 0.2163178203013495 0.703942993073237 0.7190648590669597
128651 44166050 1.0279292135992155 1.2172484738536542 3.991122031230383 4.230388378499105
121761 41853263 0.6369865447664442 0.672345556266798 2.182705736285082 2.156302368072409
118576 45696357 0.31458768984307905 0.3607273974516565 1.1454048650445858 1.2305461314695976
123867 11659459 0.33414598485193625 0.42019753320929865 1.260453378446322 1.3344487063182164
131768 80926380 7.012210902002991 6.822317149751975 21.992786151898617 22.063818390037486
123751 34239163 0.2269458388172665 0.2522295828453898 0.8094674248295988 0.8654397798450829
123620 47444787 0.7415763718170276 0.8704317393397698 2.8657107604118957 3.085459299068156
133609 37927131 1.297697221839551 1.405606336285379 4.6527494019615885 4.883634519296721
127910 25056152 0.40969789365178577 0.39577579816074876 1.3422191296559023 1.3329871399156998
125338 65606123 0.2225313880866579 0.23848951848093572 0.7715032576855049 0.7863485161677333
123762 72626160 0.1592971008716592 0.19724596081546233 0.6278222325800625 0.6779796659325148
119101 32538906 0.651909414704414 0.6772109881460494 2.27019339435384 2.29439990347793
118631 36844560 0.2908210986954998 0.30593780477593774 0.9982477756859087 1.0435149334009524
132128 69441226 0.1396335085611709 0.14638098496035187 0.47107324182803256 0.4762318917794259
127603 48070937 0.5338955868562512 0.49461134637152065 1.7018611437973328 1.6590407453793663
129154 45298080 0.9006126233564565 0.9868306927415137 3.215175864719062 3.376633660451745
126976 9961785 0.7999169284518393 0.7470456701102282 2.549405349782529 2.4408859382788153
126911 6416344 0.5980608103846928 0.6400217551200563 2.0820114553526268 2.092163868896778
120860 64513030 0.7095994297042206 0.6869318785631178 2.2677972950822527 2.238553049072955
129855 33565191 112.87737352714987 133.8924350897616 239.35069898323871 261.1376150934319
131624 12296708 0.4651852512595265 0.4172273177152354 1.3985117576614194 1.3474724655501225
132910 57145925 0.7283746159176283 0.7955071872580934 2.5001748999041826 2.539476587150074
118435 58198553 0.07588532382837496 0.09910812606660631 0.31895078964616247 0.33499680173644913
134599 66310113 0.2500558066618657 0.25534359195989054 0.8775737654549951 0.9233342397518034
129933 32926212 7.199017600835178 6.996036948341601 21.768821509167214 19.601927958303158
123662 27529428 3.4185129826290916 3.292369931517704 11.047967517778678 11.604064672390354
132974 67924813 0.5553641644307317 0.614038467971509 2.03268081033414 2.1227810209446623
122973 6578595 0.12705657858249103 0.13329074444552785 0.4388711334344837 0.45599608172618755
127495 54505431 0.3056837661374511 0.2983794007779191 1.0148487315919619 1.0289593964629355
125422 26630854 3.290251881616575 3.1066528768717125 10.353925962233218 9.863315517051973
134698 40735501 0.5920284757290727 0.6565810749061837 2.157776180195035 2.17801923854949
125071 31397276 5.788366696514502 6.027725893340578 19.85729390001805 20.01704927003636
130092 30964247 0.5999388930923414 0.6586567193914663 2.1440405620363103 2.243036052416773
133572 82361476 5.679340083503279 5.88384824436057 19.15010904143103 19.331578309629165
124569 22040903 0.35955275447505586 0.37130026463564875 1.2138453855511517 1.2322723915575309
129878 40814378 0.44179290014802436 0.4429268732571744 1.4554841166411683 1.3933433409884077
119097 49522606 1.4776785053308559 1.3448151531229697 4.371103917098558 4.057090461999251
118309 46569873 3.2705807304601513 3.133661464074461 10.613387317956215 10.404413150403732
124852 74171655 0.8960613879255371 0.91896298674185 3.0810753682633676 3.0115290125914185
131477 57977901 0.9045751803839556 0.9660199896394323 3.167254710291105 3.476506214812593
134535 41069485 2.9106170655992534 2.7704044704512314 9.167345835486339 8.615292291605902
134577 31638233 0.13613627820436164 0.20402636853384387 0.576728162880051 0.6466700304320777
120185 63879322 0.17489526725400487 0.18041054720516359 0.6191343763409257 0.6789422624876931
124643 5182926 0.6869292352468942 0.7122284052701441 2.314474828425933 2.3179909810186006
125757 12938244 0.06080933305634716 0.053183889893032084 0.20461859813253283 0.19992371623350516
122768 38570780 0.6315206666547739 0.670948669122611 2.150228636188361 2.1686585817364645
126148 74589372 0.705751734955826 0.7060806190227386 2.339553325481663 2.1649900337172494
138938 62272876 0.36945285801535965 0.3696872395282573 1.2117476355281105 1.2185708746140567
126848 8902133 0.0847340791669708 0.08574520371571323 0.28736186694483684 0.28624572352007216
123986 63557286 0.17997663014916737 0.18626234190940877 0.6077961668570487 0.6227173179743118
125968 61389842 0.4205385480746173 0.4749778023288953 1.507322145751261 1.6181197290317098
118660 61529737 0.11950439163991824 0.12493658424005172 0.4001322006260772 0.4248674159806619
120045 22615214 0.4451748000307951 0.46954075369785025 1.632141313155963 1.7479721828622239
129777 67372962 0.8907788385906135 1.044616234470074 3.4694517939601544 3.5868337215325083
126798 67205547 0.196229181282475 0.18679523862435402 0.6396626205234575 0.6274282575657764
130561 84363835 0.34743767665735814 0.3560344784983167 1.15310260805715 1.1306252229348248
129677 55886338 0.49604934617554186 0.5521671555216555 1.8371438699448581 1.9225519247906941
126812 38566267 0.2629081235758205 0.27870963688580436 0.926923178484831 0.9342995005544554
126860 17477746 0.09276635174651203 0.08985192709857973 0.30618605209004074 0.32998082260382705
139315 50057906 0.8221268015102258 0.8789442251763784 2.8627652685865486 2.9477169566811576
124340 19400842 0.7798843477090692 0.8354918698408774 2.732279014004245 2.919705725132478
124296 49827757 0.7007193453669147 0.6981055536090641 2.3991454869524875 2.5032907836139793
129307 80305071 0.546755106704773 0.5713079474330579 1.8753070622877204 1.9252326122226056
132206 36575563 0.26185543632498 0.2558367503210781 0.879415386344282 0.8942374349390071
125973 80686964 3.868875816461265 3.2882013617742007 11.320984176546098 10.607730979563902
128796 26367207 5.760404380608218 13.365062173814959 36.415936451108315 40.95610311146937
125205 19617837 0.09626881952163381 0.09419519670349391 0.3201582483787106 0.3083779607324419
126370 61611641 0.22099507529303025 0.22031268182162253 0.7262158464910385 0.7031180497185242
123281 52248792 0.6259591296028342 0.6565768685014539 2.1693760479008604 2.311080910367404
128967 17750653 0.6507464554486105 0.65249972005327 2.1626679559718043 2.1820515941399217
118741 43101116 0.12371751173482678 0.1261115417570039 0.430753501444057 0.4700581153859269
130912 76035104 0.3268686583428849 0.31750421254203126 1.0366650112318128 1.029049365915999
126769 62990844 0.10029812305141048 0.09826672497105023 0.3421998814058104 0.3618544429043278
128785 76992952 0.4316237707148675 0.4765106476424908 1.6053606052171603 1.6951729350661833
124994 15096469 1.8020926431027697 1.7434106608021132 5.94162890736138 5.890354870156517
131360 57649537 1.2972993084330091 1.3663550472131707 4.653532261740106 4.934266801148249
